NACA 0012                                       
 Alfa =   2.00000 Re =        0.000 Xflap,Yflap =     0.000000    0.000000
#    x        y        Cp  
   1.00000  0.00126  0.42082
   0.99609  0.00181  0.28290
   0.98960  0.00271  0.22847
   0.98236  0.00371  0.18776
   0.97436  0.00480  0.15813
   0.96568  0.00598  0.13143
   0.95642  0.00721  0.10921
   0.94672  0.00850  0.08880
   0.93670  0.00981  0.07111
   0.92645  0.01113  0.05422
   0.91606  0.01246  0.03938
   0.90556  0.01378  0.02520
   0.89501  0.01510  0.01215
   0.88441  0.01640  0.00016
   0.87378  0.01769 -0.01152
   0.86314  0.01897 -0.02230
   0.85249  0.02023 -0.03293
   0.84182  0.02148 -0.04299
   0.83115  0.02272 -0.05268
   0.82048  0.02394 -0.06179
   0.80980  0.02514 -0.07122
   0.79912  0.02633 -0.07953
   0.78843  0.02750 -0.08846
   0.77775  0.02866 -0.09704
   0.76706  0.02981 -0.10483
   0.75637  0.03094 -0.11327
   0.74568  0.03205 -0.12162
   0.73499  0.03315 -0.12902
   0.72430  0.03423 -0.13721
   0.71361  0.03530 -0.14483
   0.70292  0.03635 -0.15255
   0.69223  0.03739 -0.16012
   0.68154  0.03841 -0.16819
   0.67086  0.03941 -0.17529
   0.66017  0.04040 -0.18336
   0.64949  0.04137 -0.19062
   0.63881  0.04232 -0.19821
   0.62814  0.04326 -0.20614
   0.61746  0.04417 -0.21374
   0.60679  0.04507 -0.22120
   0.59613  0.04595 -0.22908
   0.58547  0.04681 -0.23674
   0.57481  0.04765 -0.24441
   0.56416  0.04847 -0.25253
   0.55352  0.04927 -0.25990
   0.54288  0.05004 -0.26850
   0.53225  0.05079 -0.27587
   0.52162  0.05153 -0.28446
   0.51100  0.05223 -0.29201
   0.50039  0.05292 -0.30042
   0.48979  0.05357 -0.30907
   0.47920  0.05420 -0.31690
   0.46862  0.05481 -0.32575
   0.45804  0.05539 -0.33390
   0.44748  0.05594 -0.34262
   0.43693  0.05645 -0.35104
   0.42639  0.05694 -0.35997
   0.41587  0.05740 -0.36836
   0.40535  0.05783 -0.37821
   0.39486  0.05822 -0.38659
   0.38437  0.05857 -0.39594
   0.37391  0.05889 -0.40508
   0.36346  0.05918 -0.41392
   0.35303  0.05942 -0.42389
   0.34261  0.05963 -0.43302
   0.33222  0.05979 -0.44307
   0.32185  0.05991 -0.45210
   0.31150  0.05999 -0.46254
   0.30118  0.06002 -0.47162
   0.29089  0.06000 -0.48242
   0.28062  0.05993 -0.49216
   0.27039  0.05981 -0.50217
   0.26019  0.05964 -0.51293
   0.25002  0.05941 -0.52325
   0.23990  0.05913 -0.53353
   0.22981  0.05878 -0.54424
   0.21978  0.05838 -0.55501
   0.20979  0.05791 -0.56581
   0.19987  0.05737 -0.57696
   0.19001  0.05676 -0.58809
   0.18022  0.05608 -0.59911
   0.17051  0.05533 -0.61084
   0.16089  0.05450 -0.62178
   0.15139  0.05359 -0.63384
   0.14201  0.05260 -0.64538
   0.13278  0.05153 -0.65745
   0.12372  0.05039 -0.66916
   0.11487  0.04916 -0.68091
   0.10627  0.04785 -0.69340
   0.09795  0.04648 -0.70460
   0.08997  0.04504 -0.71677
   0.08237  0.04356 -0.72763
   0.07518  0.04204 -0.73872
   0.06846  0.04050 -0.74988
   0.06221  0.03895 -0.75827
   0.05643  0.03741 -0.76839
   0.05113  0.03589 -0.77466
   0.04628  0.03439 -0.78319
   0.04185  0.03292 -0.78634
   0.03781  0.03149 -0.79154
   0.03412  0.03009 -0.79289
   0.03075  0.02872 -0.79431
   0.02767  0.02738 -0.79135
   0.02485  0.02608 -0.78723
   0.02226  0.02479 -0.78097
   0.01988  0.02353 -0.76934
   0.01769  0.02229 -0.75781
   0.01568  0.02107 -0.73695
   0.01382  0.01986 -0.71865
   0.01210  0.01865 -0.68704
   0.01052  0.01745 -0.65319
   0.00907  0.01626 -0.61276
   0.00773  0.01506 -0.56103
   0.00651  0.01387 -0.49858
   0.00539  0.01267 -0.43020
   0.00439  0.01147 -0.34705
   0.00349  0.01026 -0.25182
   0.00270  0.00904 -0.14297
   0.00200  0.00782 -0.02561
   0.00142  0.00660  0.10294
   0.00094  0.00538  0.23694
   0.00056  0.00416  0.37132
   0.00028  0.00295  0.50261
   0.00010  0.00175  0.62491
   0.00001  0.00058  0.73104
   0.00001 -0.00058  0.82135
   0.00010 -0.00175  0.89478
   0.00028 -0.00295  0.94986
   0.00056 -0.00416  0.98487
   0.00094 -0.00538  0.99945
   0.00142 -0.00660  0.99485
   0.00200 -0.00782  0.97329
   0.00270 -0.00904  0.93891
   0.00349 -0.01026  0.89352
   0.00439 -0.01147  0.84183
   0.00539 -0.01267  0.78590
   0.00651 -0.01387  0.72803
   0.00773 -0.01506  0.66852
   0.00907 -0.01626  0.61135
   0.01052 -0.01745  0.55407
   0.01210 -0.01865  0.50124
   0.01382 -0.01986  0.44741
   0.01568 -0.02107  0.39805
   0.01770 -0.02229  0.35098
   0.01988 -0.02353  0.30566
   0.02226 -0.02479  0.26375
   0.02485 -0.02608  0.22369
   0.02767 -0.02738  0.18501
   0.03075 -0.02872  0.14925
   0.03412 -0.03009  0.11490
   0.03781 -0.03149  0.08269
   0.04185 -0.03292  0.05154
   0.04628 -0.03439  0.02336
   0.05113 -0.03589 -0.00348
   0.05643 -0.03741 -0.02879
   0.06221 -0.03895 -0.05241
   0.06846 -0.04050 -0.07337
   0.07519 -0.04204 -0.09353
   0.08237 -0.04356 -0.11146
   0.08997 -0.04504 -0.12721
   0.09795 -0.04648 -0.14125
   0.10627 -0.04785 -0.15379
   0.11487 -0.04916 -0.16477
   0.12372 -0.05039 -0.17432
   0.13278 -0.05153 -0.18211
   0.14201 -0.05260 -0.18915
   0.15139 -0.05359 -0.19488
   0.16089 -0.05450 -0.19970
   0.17051 -0.05533 -0.20364
   0.18022 -0.05608 -0.20671
   0.19001 -0.05676 -0.20873
   0.19987 -0.05737 -0.21107
   0.20979 -0.05791 -0.21158
   0.21978 -0.05838 -0.21273
   0.22981 -0.05878 -0.21287
   0.23990 -0.05913 -0.21278
   0.25002 -0.05941 -0.21176
   0.26019 -0.05964 -0.21083
   0.27039 -0.05981 -0.20970
   0.28062 -0.05993 -0.20787
   0.29089 -0.06000 -0.20644
   0.30118 -0.06002 -0.20441
   0.31150 -0.05999 -0.20155
   0.32185 -0.05991 -0.19970
   0.33222 -0.05979 -0.19656
   0.34261 -0.05963 -0.19408
   0.35303 -0.05942 -0.19108
   0.36346 -0.05918 -0.18778
   0.37391 -0.05889 -0.18507
   0.38437 -0.05857 -0.18132
   0.39486 -0.05822 -0.17808
   0.40535 -0.05783 -0.17419
   0.41587 -0.05740 -0.17132
   0.42639 -0.05694 -0.16735
   0.43693 -0.05645 -0.16371
   0.44748 -0.05594 -0.15980
   0.45805 -0.05539 -0.15612
   0.46862 -0.05481 -0.15224
   0.47920 -0.05420 -0.14798
   0.48979 -0.05357 -0.14452
   0.50039 -0.05292 -0.14045
   0.51100 -0.05223 -0.13616
   0.52162 -0.05153 -0.13217
   0.53225 -0.05079 -0.12838
   0.54288 -0.05004 -0.12397
   0.55352 -0.04927 -0.11998
   0.56416 -0.04847 -0.11583
   0.57481 -0.04765 -0.11176
   0.58547 -0.04681 -0.10712
   0.59613 -0.04595 -0.10327
   0.60679 -0.04507 -0.09904
   0.61746 -0.04417 -0.09434
   0.62814 -0.04326 -0.09011
   0.63881 -0.04232 -0.08597
   0.64949 -0.04137 -0.08155
   0.66017 -0.04040 -0.07687
   0.67086 -0.03941 -0.07244
   0.68154 -0.03841 -0.06785
   0.69223 -0.03739 -0.06321
   0.70292 -0.03635 -0.05898
   0.71361 -0.03530 -0.05360
   0.72430 -0.03423 -0.04897
   0.73499 -0.03315 -0.04387
   0.74568 -0.03205 -0.03911
   0.75637 -0.03094 -0.03346
   0.76706 -0.02981 -0.02864
   0.77775 -0.02866 -0.02275
   0.78843 -0.02750 -0.01761
   0.79912 -0.02633 -0.01150
   0.80980 -0.02514 -0.00557
   0.82048 -0.02394  0.00088
   0.83115 -0.02272  0.00732
   0.84182 -0.02148  0.01425
   0.85249 -0.02023  0.02117
   0.86314 -0.01897  0.02911
   0.87378 -0.01769  0.03738
   0.88441 -0.01640  0.04554
   0.89501 -0.01510  0.05502
   0.90556 -0.01378  0.06551
   0.91606 -0.01246  0.07549
   0.92645 -0.01113  0.08853
   0.93670 -0.00981  0.10117
   0.94672 -0.00850  0.11651
   0.95642 -0.00721  0.13284
   0.96568 -0.00598  0.15266
   0.97436 -0.00480  0.17498
   0.98236 -0.00371  0.20230
   0.98960 -0.00271  0.23830
   0.99609 -0.00181  0.28942
   1.00000 -0.00126  0.42082
